Kinase Uniprot ID	Kinase Name	Mean Specificity Score	Mean Significance Score	Mean Final Score	Median Final score	Mean Kinase Statistic	Median Kinase Statistic	SD Kinase Statitistic	Mean peptide set size
P51451	BLK	1.98895646689603	1	2.98895646689603	2.76955107862173	1.59166454040065	1.61198882925146	0.177755569040109	21.5555555555556
P42685	FRK	1.34280696079705	1	2.34280696079705	2.42021640338319	1.29854523002849	1.29189778582769	0.0197752959475836	48.8888888888889
P07332	Fes	1.38292071347601	1	2.38292071347601	2.34678748622466	1.56473429200198	1.55250936003651	0.10408055708274	13.4444444444444
P00519	Abl	1.19468360800452	1	2.19468360800452	2.27572413039921	1.28231725375705	1.32930419676	0.0771063926073273	49.7777777777778
P42680	TEC	1.22773101728786	1	2.22773101728786	2.27572413039921	1.32109432998182	1.32004497825297	0.0318557144146307	36.3333333333333
Q16620	TRKB	1.2156176717252	1	2.2156176717252	2.24412514432751	1.45164600190687	1.47534322563241	0.0493176181957017	17.8888888888889
P08631	HCK	1.30671650018622	1	2.30671650018622	2.23657200643706	1.40481913180596	1.41529823446477	0.0805891428370505	23
P54764	EphA4	1.28642980789673	1	2.28642980789673	2.20760831050175	1.96197181783847	1.88518505973315	0.429760183356957	3.88888888888889
P06241	Fyn	0.994936158301925	1	1.99493615830192	2.01772876696043	1.4299274134511	1.43415306316576	0.0889472499050499	15
P51813	Etk/BMX	1.05301613256138	1	2.05301613256138	2.01322826573376	1.34492979540642	1.31683106543836	0.0761859033492594	28.3333333333333
P07947	Yes	1.02099610717066	1	2.02099610717066	1.97469413473523	1.38649533402991	1.35621336287191	0.208503177359298	22.5555555555556
P06239	Lck	0.876968434374316	1	1.87696843437432	1.89619627904404	1.30167156136886	1.29818333688729	0.0448608750023338	28.3333333333333
P16591	Fer	0.791885719624042	1	1.79188571962404	1.88605664769316	1.32654182539177	1.37543247568061	0.192419285191476	13.2222222222222
Q16288	TRKC	0.90455621293114	1	1.90455621293114	1.88605664769316	1.3882983361564	1.37060606752499	0.0847996930783437	15.3333333333333
P21709	EphA1	0.842792194095128	1	1.84279219409513	1.86646109162978	1.5651169764831	1.58430215224694	0.123254653205915	5.2
P16234	PDGFR[alpha]	0.872978315997911	1	1.87297831599791	1.75696195131371	1.54651164860563	1.48451748314279	0.0929912481942566	5.33333333333333
P43405	Syk	0.823054957320313	1	1.82305495732031	1.72124639904717	1.20544855847363	1.20647688943504	0.0105646698320364	68.8888888888889
P04629	TRKA	0.697330488229647	1	1.69733048822965	1.67778070526608	1.33668008212189	1.33678107552011	0.0516590513341647	11.4444444444444
P07949	Ret	0.553244580166369	1	1.55324458016637	1.6458915608526	1.20719248457184	1.25265143431229	0.177928646005862	16
P12931	Src	0.7570619324214	1	1.7570619324214	1.61618463401957	1.20784792671817	1.22141043510125	0.10399417538863	38.1111111111111
P06213	InSR	0.635334245760127	1	1.63533424576013	1.60730304674033	1.25396852712662	1.23731011539988	0.0784187349973874	23.5555555555556
P29317	EphA2	0.592243841075087	1	1.59224384107509	1.60554831917378	1.36029858218046	1.36925189425393	0.169435063044261	6.77777777777778
P42684	Arg	0.670460669119523	1	1.67046066911952	1.59345981956604	1.21350556384823	1.20659916268124	0.0439911157150048	46.4444444444444
P07948	Lyn	0.443033743315866	1	1.44303374331587	1.5543957967264	1.16232881446734	1.22070255428844	0.117323675185868	20.5555555555556
P08069	IGF1R	0.563221015526417	1	1.56322101552642	1.53760200210104	1.25192728529708	1.24105857632554	0.0436821719535888	16.2222222222222
P07333	FmS/CSFR	0.4218670090043	0.966552222704002	1.3884192317083	1.51144928349956	1.22134651884812	1.27295254331898	0.239367096333148	8.22222222222222
Q04912	Ron	0.647276928668662	1	1.64727692866866	1.50445566245355	1.41034247357785	1.25503860743403	0.361949840414298	7.11111111111111
P22455	FGFR4	0.451304981837009	0.933104445408004	1.38440942724501	1.49214412830417	1.14316896829809	1.1905338588717	0.158732992273203	17.6666666666667
Q14289	FAK2	0.475862955783952	1	1.47586295578395	1.48811663902113	1.19137534083171	1.18893061428802	0.0315587442197092	29.1111111111111
P29376	LTK	0.464370848281231	1	1.46437084828123	1.48148606012211	1.22564955853064	1.20377160385619	0.126958688780451	14.3333333333333
Q9H3Y6	Srm	0.438285013823036	1	1.43828501382304	1.45967052520913	1.16871851793592	1.17277805419064	0.0204163304875583	41.1111111111111
Q08881	ITK	0.468409365167275	1	1.46840936516727	1.43651891460559	1.18700041013906	1.16928841479715	0.0550016178303495	33.8888888888889
H0Y8A4	RYK	0.456944458622579	1	1.45694445862258	1.41680122603138	1.23184407637357	1.2147901693266	0.0850859441377771	8.11111111111111
P22607	FGFR3	0.352626351791519	0.962371250542002	1.31499760233352	1.39056426614973	1.17720733581838	1.18852928732343	0.170696393483029	7
P54756	EphA5	0.363404408769303	1	1.3634044087693	1.3585440005692	1.17006320191242	1.16223878355094	0.0156488367229624	4.25
Q9UM73	ALK	0.383601882010349	1	1.38360188201035	1.33724216831843	1.14252585441402	1.14016118530874	0.0568079421376836	37.4444444444444
P43403	ZAP70	0.340139836262161	1	1.34013983626216	1.30277065724028	1.13456835897274	1.12799455465164	0.0267889895725019	58.4444444444444
P21802	FGFR2	0.331990545361235	0.966552222704002	1.29854276806524	1.29328221766324	1.1602533362446	1.12458493152533	0.167576980276322	7.88888888888889
P42681	TXK	0.317258206862635	1	1.31725820686264	1.2839966563652	1.13178823973024	1.11972535801272	0.0665534326176769	27.1111111111111
P29320	EphA3	0.283579466532838	1	1.28357946653284	1.28357946653284	1.08752143760584	1.08752143760584	0	5
Q05397	FAK1	0.236355877833902	1	1.2363558778339	1.27164621797877	1.09895573394826	1.11707925486663	0.0537998697942944	38.2222222222222
Q06418	Tyro3/Sky	0.264681687791956	1	1.26468168779196	1.24260397120698	1.11189033395581	1.10383500193038	0.047692314149902	42.5555555555556
P42679	CTK	0.307169486606332	1	1.30716948660633	1.23210238398191	1.12044061083394	1.0923551627751	0.101181171817175	26.8888888888889
P08581	Met	0.299391087716639	1	1.29939108771664	1.21253952548158	1.12171905383477	1.0906937290047	0.116204001492052	28.8888888888889
P41240	CSK	0.22553270300967	1	1.22553270300967	1.20830935097988	1.0903143728776	1.10146000714165	0.0464062766294672	40.8888888888889
P21860	HER3	0.197843999712845	1	1.19784399971284	1.1944991418416	1.06535401611911	1.09607620454712	0.0729088694213417	39.6666666666667
O60674	JAK2	0.169429828410848	1	1.16942982841085	1.19178902707578	1.02414175231631	1.05281109575205	0.0667901144499384	18.8888888888889
P35968	KDR	0.214768806398418	1	1.21476880639842	1.17005330405836	1.05956793131088	1.03727702686232	0.0803353392179686	18.6666666666667
P35916	FLT4	0.144992989899502	1	1.1449929898995	1.16430942850757	0.972601318790077	0.988492450376862	0.0939450545781172	15
P30530	Axl	0.184428930678522	1	1.18442893067852	1.16367588429325	1.08956502869563	1.09411097356926	0.0176576809627146	53.7777777777778
P29322	EphA8	0.432977964454531	0.698970004336019	1.13194796879055	1.10457745396059	1.24075235501749	1.17227725586046	0.118602350793304	3.66666666666667
P17948	FLT1	0.0936914303661178	0.966552222704002	1.06024365307012	1.09420411963213	0.89944427151324	0.951901184889466	0.160527306517681	18.1111111111111
Q13882	Brk	0.117259950867684	1	1.11725995086768	1.09097914578884	1.0606346097621	1.05953907456292	0.031896972036916	57.5555555555556
Q15303	HER4	0.108593005743334	1	1.10859300574333	1.0762380391713	0.967800306802737	0.956051404032371	0.137459477690512	28.1111111111111
Q12866	Mer	0.0670046520363901	1	1.06700465203639	1.06550154875643	1.01301113327936	1.01758440484516	0.0142027442540057	46.8888888888889
P00533	EGFR	0.0104647476497643	1	1.01046474764976	1.00744648216786	0.89209331734309	0.878102277619595	0.0521849285045771	43.6666666666667
P04626	HER2	0.0259943667264929	1	1.02599436672649	1.00656376950239	0.873338656399323	0.880009020639917	0.0456398879922339	31.7777777777778
P14616	IRR	0.265475700649424	0.819382002601611	1.08485770325104	0.913640169325252	1.06774466459657	0.988621991886706	0.116523994076196	5
P09769	Fgr	0.14156671587689	0.729848470649001	0.871415186525891	0.844056982028163	0.823279468037406	0.933930940253929	0.25048495970074	7.11111111111111
P10721	Kit	0.124406061913163	0.799313336224012	0.923719398137175	0.811915626285062	0.94416206805541	0.921778734694011	0.0793521930567569	13.8888888888889
P09619	PDGFR[beta]	0.139390316680972	0.698970004336019	0.838360321016991	0.806318970458718	0.950722741072171	0.946387518588486	0.117174881648454	12.1111111111111
P36888	FLT3	0.0285303094096546	0.734666786224105	0.763197095633759	0.719877103697692	0.692602626959362	0.586936938916224	0.174925328346351	13.5714285714286
Q13308	CCK4/PTK7	0.147142882469386	0.522878745280338	0.670021627749724	0.666754301038037	0.825901402170926	0.825901402170926	0	3
P23458	JAK1~b	0.0661634095887083	0.467416557876249	0.533579967464957	0.589646462294467	0.676567228518131	0.724398014229686	0.0956615714231108	4.5
P11362	FGFR1	0.0657241511421564	0.587259445237496	0.652983596379652	0.572513890904215	0.72531705515974	0.858427250646427	0.283597047001149	14
Q15375	EphA7	0.0238036142205506	0.522878745280338	0.546682359500888	0.546987608878545	0.301087046035875	0.301087046035875	0	3
Q06187	BTK	0.0240987852615906	0.5620101361816	0.586108921443191	0.533874129581801	0.767739822307703	0.76814421463592	0.0689353610322747	19
Q6ZMQ8	Lmr1	0.0688901194671872	0.397940008672038	0.466830128139225	0.465973893943865	0.584174542141476	0.584174542141476	0	3
Q08345	DDR1	0.0571912542052028	0.301029995663981	0.358221249869184	0.357041120590209	0.539334529585788	0.539334529585788	0	3
P54762	EphB1	0.0172916611554541	0.221848749616356	0.239140410771811	0.239140410771811	0.255594012876398	0.255594012876398	0	3
